batch_size: 6
lr: 4.6484922754368085e-05
momentum: 0.6594840759439959
seq_length: 100
