batch_size: 13
lr: 0.030443597109841458
momentum: 0.6399677337757465
seq_length: 128
