batch_size: 4
lr: 0.008171980903828549
momentum: 0.6211446170023913
seq_length: 90
