batch_size: 49
lr: 0.008789069377580977
momentum: 0.03990490251431603
seq_length: 100
