batch_size: 19
lr: 0.0007160399282477014
momentum: 0.06283955494677557
seq_length: 100
