batch_size: 39
lr: 1.1614367922083661e-05
momentum: 0.17203020869004937
seq_length: 128
