batch_size: 36
lr: 0.0008726326302440539
momentum: 0.17259780746588904
seq_length: 100
