batch_size: 57
lr: 0.011203939617556736
momentum: 0.7213837748346493
seq_length: 128
