batch_size: 51
lr: 0.0032893496974747247
momentum: 0.7870202883085595
seq_length: 128
