batch_size: 39
lr: 0.058462946967389136
momentum: 0.5562979610098613
seq_length: 128
