batch_size: 38
lr: 0.0007491682272582211
momentum: 0.5158328156625945
seq_length: 90
