batch_size: 49
lr: 0.0014083245260950448
momentum: 0.39067680552751927
seq_length: 128
