batch_size: 30
lr: 0.007721351685772064
momentum: 0.24447431690743301
seq_length: 100
