batch_size: 63
lr: 0.0011135799249797711
momentum: 0.6206638724798461
seq_length: 90
