batch_size: 53
lr: 0.026882088918396503
momentum: 0.4820362550795525
seq_length: 100
