batch_size: 55
lr: 0.0004600551300684753
momentum: 0.2470555192147741
seq_length: 90
