batch_size: 15
lr: 0.0005281079530279475
momentum: 0.21205496055208162
seq_length: 90
