batch_size: 29
lr: 0.030359597998642553
momentum: 0.9829374681581508
seq_length: 90
