batch_size: 55
lr: 0.0007129774539473711
momentum: 0.38633445194382504
seq_length: 90
