batch_size: 52
lr: 0.00020039731040143828
momentum: 0.690448836249877
seq_length: 100
