batch_size: 10
lr: 0.0007878256578641644
momentum: 0.8431021926301565
seq_length: 128
