batch_size: 31
lr: 0.004883609688682887
momentum: 0.16534438912652058
seq_length: 90
