batch_size: 58
lr: 0.013089982037740085
momentum: 0.8402966458335507
seq_length: 100
