batch_size: 62
lr: 3.2260741718983785e-05
momentum: 0.44017529716437226
seq_length: 128
