batch_size: 21
lr: 0.030211709177054853
momentum: 0.7191839959528111
seq_length: 100
