batch_size: 38
lr: 0.0017691173142713704
momentum: 0.2702346876107289
seq_length: 128
