batch_size: 28
lr: 0.00044180828788942115
momentum: 0.0728068137082419
seq_length: 100
