batch_size: 11
lr: 4.1433841380962374e-05
momentum: 0.897908004814635
seq_length: 90
