batch_size: 22
lr: 0.004860594731174339
momentum: 0.29995383396082353
seq_length: 100
