batch_size: 17
lr: 0.053218394078634955
momentum: 0.4762475939185322
seq_length: 128
