batch_size: 14
lr: 0.00015730155863248835
momentum: 0.855847912753767
seq_length: 100
