batch_size: 51
lr: 0.0065146969901791855
momentum: 0.030527057031303824
seq_length: 128
