batch_size: 41
lr: 0.032901609587697646
momentum: 0.4132698928625259
seq_length: 100
