batch_size: 48
lr: 0.07254608511696825
momentum: 0.34706034311642564
seq_length: 128
