batch_size: 63
lr: 1.6619181565729927e-05
momentum: 0.24076254850796028
seq_length: 128
