batch_size: 19
lr: 0.037008067057727315
momentum: 0.25755031138922563
seq_length: 128
